51 25 5 236 1507
51 25 7 1508 1726
51 25 4 1727 2766
51 25 8 2767 2939
51 25 5 2940 4287
51 25 11 4288 4528
51 25 6 4529 5981
51 25 10 5982 6196
51 25 4 6197 7326
51 25 9 7327 7507
51 25 6 7508 8835
51 25 12 8836 9022
51 25 1 10193 11603
51 25 1 11984 13181
51 25 3 14138 14786
51 25 2 14952 15698
51 25 3 15904 16601
51 25 2 16724 17449
51 25 3 17698 18408
51 25 2 18528 19256
52 26 5 314 2009
52 26 7 2010 2138
52 26 4 2139 3607
52 26 8 3608 3789
52 26 5 3790 4839
52 26 11 4840 5017
52 26 6 5018 6223
52 26 10 6224 6385
52 26 4 6386 7998
52 26 9 7999 8183
52 26 6 8184 9360
52 26 12 9361 9604
52 26 1 10832 11880
52 26 1 12202 13116
52 26 3 13926 14547
52 26 2 15079 15840
52 26 3 16228 16866
52 26 2 17125 17774
52 26 3 18162 18817
52 26 2 19036 19705
53 26 5 543 1874
53 26 7 1875 2025
53 26 4 2026 3160
53 26 8 3161 3262
53 26 5 3263 4479
53 26 11 4480 4646
53 26 6 4647 5963
53 26 10 5964 6137
53 26 4 6138 7380
53 26 9 7381 7593
53 26 6 7594 9134
53 26 12 9135 9317
53 26 1 10536 11638
53 26 1 11997 13066
53 26 3 13933 14624
53 26 2 14892 15548
53 26 3 15845 16448
53 26 2 16664 17335
53 26 3 17635 18257
53 26 2 18570 19216
54 27 5 462 1726
54 27 7 1727 1894
54 27 4 1895 3158
54 27 8 3159 3256
54 27 5 3257 4563
54 27 11 4564 4779
54 27 6 4780 6013
54 27 10 6014 6167
54 27 4 6168 7523
54 27 9 7524 7750
54 27 6 7751 9065
54 27 12 9066 9190
54 27 1 9917 10882
54 27 1 11111 12130
54 27 3 12698 13266
54 27 2 13474 14091
54 27 3 14348 14894
54 27 2 15097 15764
54 27 3 15958 16539
54 27 2 16746 17369
55 27 5 415 2116
55 27 7 2117 2304
55 27 4 2305 3439
55 27 8 3440 3540
55 27 5 3541 4906
55 27 11 4907 5071
55 27 6 5072 6723
55 27 10 6724 6872
55 27 4 6873 8117
55 27 9 8118 8342
55 27 6 8343 9393
55 27 12 9394 9546
55 27 1 10397 11402
55 27 1 11623 12652
55 27 3 13258 13869
55 27 2 14037 14696
55 27 3 14912 15513
55 27 2 15686 16350
55 27 3 16566 16941
55 27 3 16960 17191
55 27 2 17383 18009
56 28 5 369 1835
56 28 7 1836 2094
56 28 4 2095 3535
56 28 8 3536 3673
56 28 5 3674 5148
56 28 6 5721 6957
56 28 4 7545 9140
56 28 9 9141 9366
56 28 6 9367 10978
56 28 12 10979 11159
56 28 1 11834 12500
56 28 1 12588 12982
56 28 1 13153 14155
56 28 3 15018 15640
56 28 2 15811 16496
56 28 3 16655 17264
56 28 2 17407 18117
56 28 3 18235 18844
56 28 2 18961 19643
57 28 5 1166 2255
57 28 7 2256 2417
57 28 4 2418 3474
57 28 8 3475 3595
57 28 5 3596 5005
57 28 6 5475 6758
57 28 4 7069 8105
57 28 9 8106 8306
57 28 6 8307 9573
57 28 12 9574 9740
57 28 1 10428 11358
57 28 1 11463 12375
57 28 3 12900 13500
57 28 2 13607 14206
57 28 3 14340 14910
57 28 2 15020 15631
57 28 3 15784 16320
57 28 2 16433 16996
58 29 5 424 1602
58 29 7 1603 1759
58 29 4 1760 2803
58 29 8 2804 2978
58 29 5 2979 4054
58 29 11 4055 4288
58 29 6 4289 5530
58 29 10 5531 5767
58 29 4 5768 6717
58 29 9 6718 7043
58 29 6 7044 8526
58 29 12 8527 8705
58 29 1 9682 10633
58 29 1 10972 11874
58 29 3 12706 13330
58 29 2 13625 14274
58 29 3 14527 15132
58 29 2 15364 15991
58 29 3 16280 16882
58 29 2 17110 17331
58 29 2 17338 17787
59 29 5 557 1600
59 29 7 1601 1769
59 29 4 1770 2868
59 29 8 2869 3002
59 29 5 3003 4396
59 29 11 4397 4583
59 29 6 4584 5643
59 29 10 5644 5813
59 29 4 5814 6917
59 29 9 6918 7118
59 29 6 7119 8133
59 29 12 8134 8278
59 29 1 9167 10134
59 29 1 10425 11360
59 29 3 12143 12724
59 29 2 12898 13532
59 29 3 13784 14375
59 29 2 14574 15183
59 29 3 15410 16005
59 29 2 16225 16845
60 30 5 3734 4579
60 30 7 4580 4692
60 30 4 4693 5703
60 30 8 5704 5854
60 30 5 5855 7131
60 30 11 7132 7287
60 30 6 7288 8557
60 30 10 8558 8724
60 30 4 8725 10029
60 30 9 10030 10212
60 30 6 10213 11761
60 30 12 11762 11920
60 30 1 12942 14090
60 30 1 14416 15588
60 30 3 16494 17316
60 30 2 17510 18404
60 30 3 18594 19473
60 30 2 19655 20527
60 30 3 20762 21555
60 30 2 21752 22540
